Arin;32;2;1;0;1;1998-03-12
Thord;45;1;1;1;0;1985-11-02
Lyra;28;3;0;1;1;2001-07-21
Morgath;60;4;1;1;1;1970-09-05
Selene;24;2;0;0;1;1999-01-30
Faelar;38;3;1;0;0;1993-05-17
Rothgar;52;2;1;1;1;1982-08-14
Nimrielle;20;4;0;1;0;2004-02-28
Borin;41;1;1;0;1;1978-12-07
Kaela;27;2;0;1;1;1996-06-11
Derrik;35;3;1;1;0;1990-09-23
Elandra;29;2;0;0;0;2000-04-15
Varkos;55;4;1;1;1;1975-01-19
Nyssa;22;1;0;0;1;2002-10-03
Haldor;48;3;1;0;1;1988-07-29
Seraphine;26;4;0;1;0;2003-11-17
Keldran;44;2;1;1;0;1986-03-05
Moriel;21;1;0;0;1;1997-02-10
Garruk;57;3;1;1;1;1973-09-28
Ilyndra;25;2;0;1;1;2001-12-01
Toren;36;2;1;0;0;1992-05-09
Aveline;23;3;0;1;0;1999-08-30
Rendak;50;4;1;0;1;1980-10-11
Sylvar;31;1;0;1;1;1995-04-04
Eloria;28;2;0;0;0;2000-07-08